2019/07/22 09:39:23.239 DEBUG main(171): iDiff = 4
2019/07/22 09:39:23.239 DEBUG main(175): argv[2][iDiff] = .
2019/07/22 09:39:23.239 DEBUG main(178): argv[2][iDiff] = c
2019/07/22 09:39:23.240 DEBUG main(181): argv[2][iDiff] = c
2019/07/22 09:39:23.240 INFO  GetToken(270): GetTokenÂëº„Å≥Âá∫„Åó
2019/07/22 09:39:23.240 DEBUG GetToken(280): iWord = x
2019/07/22 09:39:23.240 INFO  JudgeString(136): JudgeStringÂëº„Å≥Âá∫„Åó
2019/07/22 09:39:23.241 DEBUG JudgeString(137): iWord = x
2019/07/22 09:39:23.241 DEBUG GetToken(355): iWord =  
2019/07/22 09:39:23.241 DEBUG GetToken(358): iTokenCount = 2
2019/07/22 09:39:23.241 INFO  MakeToken(303): MakeTokenÂëº„Å≥Âá∫„Åó
2019/07/22 09:39:23.241 DEBUG MakeToken(315): psMakeToken[0] = x
2019/07/22 09:39:23.242 DEBUG MakeToken(318): iArrayCount = 1
2019/07/22 09:39:23.242 DEBUG MakeToken(321): iTokenCount = 1
2019/07/22 09:39:23.242 DEBUG GetToken(366): psTmpToken = x
2019/07/22 09:39:23.242 INFO  JudgeReserved(197): JudgeReservedÂëº„Å≥Âá∫„Åó
2019/07/22 09:39:23.242 DEBUG JudgeReserved(199): psTmpToken = x
2019/07/22 09:39:23.242 DEBUG GetToken(375): psToken[0] = x
2019/07/22 09:39:23.242 DEBUG GetToken(378): iArrayCount = 1
2019/07/22 09:39:23.243 DEBUG GetToken(381): iTokenCount = 1
2019/07/22 09:39:23.243 DEBUG GetToken(280): iWord =  
2019/07/22 09:39:23.243 INFO  JudgeString(136): JudgeStringÂëº„Å≥Âá∫„Åó
2019/07/22 09:39:23.243 DEBUG JudgeString(137): iWord =  
2019/07/22 09:39:23.244 INFO  JudgeArithmetic(87): JudgeArithmeticÂëº„Å≥Âá∫„Åó
2019/07/22 09:39:23.244 DEBUG JudgeArithmetic(88): iWord =  
2019/07/22 09:39:23.244 INFO  JudgeAssign(116): JudgeAssignÂëº„Å≥Âá∫„Åó
2019/07/22 09:39:23.244 DEBUG JudgeAssign(117): iWord =  
2019/07/22 09:39:23.245 INFO  JudgeOpenParen(156): JudgeOpenParenÂëº„Å≥Âá∫„Åó
2019/07/22 09:39:23.245 DEBUG JudgeOpenParen(157): iWord =  
2019/07/22 09:39:23.245 INFO  JudgeCloseParen(176): JudgeCloseParenÂëº„Å≥Âá∫„Åó
2019/07/22 09:39:23.246 DEBUG JudgeCloseParen(178): iWord =  
2019/07/22 09:39:23.246 INFO  JudgeLineFeed(714): JudgeLineFeedÂëº„Å≥Âá∫„Åó
2019/07/22 09:39:23.249 DEBUG JudgeLineFeed(715): iWord =  
2019/07/22 09:39:23.249 INFO  JudgeBlank(734): JudgeBlankÂëº„Å≥Âá∫„Åó
2019/07/22 09:39:23.252 DEBUG JudgeBlank(735): iWord =  
2019/07/22 09:39:23.254 DEBUG GetToken(642): iWord =  
2019/07/22 09:39:23.256 DEBUG GetToken(280): iWord = =
2019/07/22 09:39:23.258 INFO  JudgeString(136): JudgeStringÂëº„Å≥Âá∫„Åó
2019/07/22 09:39:23.260 DEBUG JudgeString(137): iWord = =
2019/07/22 09:39:23.262 INFO  JudgeArithmetic(87): JudgeArithmeticÂëº„Å≥Âá∫„Åó
2019/07/22 09:39:23.266 DEBUG JudgeArithmetic(88): iWord = =
2019/07/22 09:39:23.268 INFO  JudgeAssign(116): JudgeAssignÂëº„Å≥Âá∫„Åó
2019/07/22 09:39:23.270 DEBUG JudgeAssign(117): iWord = =
2019/07/22 09:39:23.272 DEBUG GetToken(543): iWord =  
2019/07/22 09:39:23.274 DEBUG GetToken(546): iTokenCount = 2
2019/07/22 09:39:23.276 INFO  MakeToken(303): MakeTokenÂëº„Å≥Âá∫„Åó
2019/07/22 09:39:23.280 DEBUG MakeToken(315): psMakeToken[0] = =
2019/07/22 09:39:23.282 DEBUG MakeToken(318): iArrayCount = 1
2019/07/22 09:39:23.284 DEBUG MakeToken(321): iTokenCount = 1
2019/07/22 09:39:23.287 DEBUG GetToken(557): psTmpToken = =
2019/07/22 09:39:23.289 DEBUG GetToken(560): psToken[1] = =
2019/07/22 09:39:23.291 DEBUG GetToken(563): iArrayCount = 2
2019/07/22 09:39:23.295 DEBUG GetToken(566): iTokenCount = 1
2019/07/22 09:39:23.297 DEBUG GetToken(280): iWord =  
2019/07/22 09:39:23.300 INFO  JudgeString(136): JudgeStringÂëº„Å≥Âá∫„Åó
2019/07/22 09:39:23.302 DEBUG JudgeString(137): iWord =  
2019/07/22 09:39:23.304 INFO  JudgeArithmetic(87): JudgeArithmeticÂëº„Å≥Âá∫„Åó
2019/07/22 09:39:23.306 DEBUG JudgeArithmetic(88): iWord =  
2019/07/22 09:39:23.309 INFO  JudgeAssign(116): JudgeAssignÂëº„Å≥Âá∫„Åó
2019/07/22 09:39:23.313 DEBUG JudgeAssign(117): iWord =  
2019/07/22 09:39:23.313 INFO  JudgeOpenParen(156): JudgeOpenParenÂëº„Å≥Âá∫„Åó
2019/07/22 09:39:23.316 DEBUG JudgeOpenParen(157): iWord =  
2019/07/22 09:39:23.320 INFO  JudgeCloseParen(176): JudgeCloseParenÂëº„Å≥Âá∫„Åó
2019/07/22 09:39:23.322 DEBUG JudgeCloseParen(178): iWord =  
2019/07/22 09:39:23.324 INFO  JudgeLineFeed(714): JudgeLineFeedÂëº„Å≥Âá∫„Åó
2019/07/22 09:39:23.326 DEBUG JudgeLineFeed(715): iWord =  
2019/07/22 09:39:23.328 INFO  JudgeBlank(734): JudgeBlankÂëº„Å≥Âá∫„Åó
2019/07/22 09:39:23.331 DEBUG JudgeBlank(735): iWord =  
2019/07/22 09:39:23.334 DEBUG GetToken(642): iWord =  
2019/07/22 09:39:23.336 DEBUG GetToken(280): iWord = 1
2019/07/22 09:39:23.338 INFO  JudgeString(136): JudgeStringÂëº„Å≥Âá∫„Åó
2019/07/22 09:39:23.340 DEBUG JudgeString(137): iWord = 1
2019/07/22 09:39:23.341 DEBUG GetToken(428): iWord = ;
2019/07/22 09:39:23.343 DEBUG GetToken(431): iTokenCount = 2
2019/07/22 09:39:23.347 INFO  JudgeArithmetic(87): JudgeArithmeticÂëº„Å≥Âá∫„Åó
2019/07/22 09:39:23.349 DEBUG JudgeArithmetic(88): iWord = ;
2019/07/22 09:39:23.353 INFO  JudgeCloseParen(176): JudgeCloseParenÂëº„Å≥Âá∫„Åó
2019/07/22 09:39:23.355 DEBUG JudgeCloseParen(178): iWord = ;
2019/07/22 09:39:23.357 INFO  JudgeBlank(734): JudgeBlankÂëº„Å≥Âá∫„Åó
2019/07/22 09:39:23.359 DEBUG JudgeBlank(735): iWord = ;
2019/07/22 09:39:23.361 INFO  JudgeLineFeed(714): JudgeLineFeedÂëº„Å≥Âá∫„Åó
2019/07/22 09:39:23.363 DEBUG JudgeLineFeed(715): iWord = ;
2019/07/22 09:39:23.366 INFO  MakeToken(303): MakeTokenÂëº„Å≥Âá∫„Åó
2019/07/22 09:39:23.370 DEBUG MakeToken(315): psMakeToken[0] = 1
2019/07/22 09:39:23.371 DEBUG MakeToken(318): iArrayCount = 1
2019/07/22 09:39:23.372 DEBUG MakeToken(321): iTokenCount = 1
2019/07/22 09:39:23.372 DEBUG GetToken(449): psTmpToken = 1
2019/07/22 09:39:23.373 DEBUG GetToken(481): psToken[2] = 1
2019/07/22 09:39:23.373 DEBUG GetToken(484): iArrayCount = 3
2019/07/22 09:39:23.373 DEBUG GetToken(487): iTokenCount = 1
2019/07/22 09:39:23.376 DEBUG GetToken(280): iWord = ;
2019/07/22 09:39:23.378 INFO  JudgeString(136): JudgeStringÂëº„Å≥Âá∫„Åó
2019/07/22 09:39:23.380 DEBUG JudgeString(137): iWord = ;
2019/07/22 09:39:23.384 INFO  JudgeArithmetic(87): JudgeArithmeticÂëº„Å≥Âá∫„Åó
2019/07/22 09:39:23.386 DEBUG JudgeArithmetic(88): iWord = ;
2019/07/22 09:39:23.388 INFO  JudgeAssign(116): JudgeAssignÂëº„Å≥Âá∫„Åó
2019/07/22 09:39:23.391 DEBUG JudgeAssign(117): iWord = ;
2019/07/22 09:39:23.398 INFO  JudgeOpenParen(156): JudgeOpenParenÂëº„Å≥Âá∫„Åó
2019/07/22 09:39:23.399 DEBUG JudgeOpenParen(157): iWord = ;
2019/07/22 09:39:23.402 INFO  JudgeCloseParen(176): JudgeCloseParenÂëº„Å≥Âá∫„Åó
2019/07/22 09:39:23.404 DEBUG JudgeCloseParen(178): iWord = ;
2019/07/22 09:39:23.406 INFO  JudgeLineFeed(714): JudgeLineFeedÂëº„Å≥Âá∫„Åó
2019/07/22 09:39:23.408 DEBUG JudgeLineFeed(715): iWord = ;
2019/07/22 09:39:23.412 INFO  JudgeBlank(734): JudgeBlankÂëº„Å≥Âá∫„Åó
2019/07/22 09:39:23.414 DEBUG JudgeBlank(735): iWord = ;
2019/07/22 09:39:23.417 DEBUG GetToken(647): iWord = ;
2019/07/22 09:39:23.421 DEBUG GetToken(654): psSemicolonToken[0] = 
2019/07/22 09:39:23.422 DEBUG GetToken(669): psToken[3] = ;
2019/07/22 09:39:23.424 DEBUG GetToken(672): iArrayCount = 4
2019/07/22 09:39:23.428 DEBUG GetToken(675): iTokenCount = 1
2019/07/22 09:39:23.431 DEBUG main(210): psToken[0] = x
2019/07/22 09:39:23.434 INFO  PreProcess(58): PreProcessÂëº„Å≥Âá∫„Åó
2019/07/22 09:39:23.436 DEBUG PreProcess(64): psToken[0] = x
2019/07/22 09:39:23.438 INFO  JudgeReserved(197): JudgeReservedÂëº„Å≥Âá∫„Åó
2019/07/22 09:39:23.440 DEBUG JudgeReserved(199): psTmpToken = x
2019/07/22 09:39:23.442 DEBUG PreProcess(162): i = 1
2019/07/22 09:39:23.445 DEBUG PreProcess(64): psToken[1] = =
2019/07/22 09:39:23.447 INFO  JudgeReserved(197): JudgeReservedÂëº„Å≥Âá∫„Åó
2019/07/22 09:39:23.449 DEBUG JudgeReserved(199): psTmpToken = x
2019/07/22 09:39:23.454 DEBUG PreProcess(162): i = 2
2019/07/22 09:39:23.456 DEBUG PreProcess(64): psToken[2] = 1
2019/07/22 09:39:23.458 DEBUG PreProcess(162): i = 3
2019/07/22 09:39:23.460 DEBUG PreProcess(64): psToken[3] = ;
2019/07/22 09:39:23.462 DEBUG MakeTree(35): iErrorFlag = 0
2019/07/22 09:39:23.465 DEBUG Factor(312): g_iTokenCount = 0
2019/07/22 09:39:23.468 DEBUG Factor(313): psToken[0] = x
2019/07/22 09:39:23.470 INFO  JudgeReserved(197): JudgeReservedÂëº„Å≥Âá∫„Åó
2019/07/22 09:39:23.473 DEBUG JudgeReserved(199): psTmpToken = x
2019/07/22 09:39:23.477 DEBUG CreateItem(59): Create list item(0).
2019/07/22 09:39:23.481 DEBUG CreateItem(59): Create list item(0).
2019/07/22 09:39:23.486 DEBUG Factor(312): g_iTokenCount = 2
2019/07/22 09:39:23.487 DEBUG Factor(313): psToken[2] = 1
2019/07/22 09:39:23.492 DEBUG CreateItem(59): Create list item(0).
2019/07/22 09:39:23.496 DEBUG Factor(320): g_iTokenCount = 3
2019/07/22 09:39:23.499 DEBUG Factor(321): psToken[3] = ;
2019/07/22 09:39:23.501 DEBUG Term(253): psToken[3] = ;
2019/07/22 09:39:23.504 DEBUG Formula(182): g_iTokenCount = 3
2019/07/22 09:39:23.506 DEBUG Formula(183): psToken[3] = ;
2019/07/22 09:39:23.506 DEBUG Term(253): psToken[3] = ;
2019/07/22 09:39:23.510 DEBUG Formula(182): g_iTokenCount = 3
2019/07/22 09:39:23.512 DEBUG Formula(183): psToken[3] = ;
2019/07/22 09:39:23.514 DEBUG Excution(39): „Éé„Éº„Éâ : =
2019/07/22 09:39:23.516 DEBUG Excution(39): „Éé„Éº„Éâ : x
2019/07/22 09:39:23.521 DEBUG Excution(39): „Éé„Éº„Éâ : 1
2019/07/22 09:39:23.523 DEBUG AssignVar(244): iValuelength = 1
2019/07/22 09:39:23.529 DEBUG CreateItem(59): Create list item(x).
2019/07/22 09:39:23.530 DEBUG AddItem(108): Add list item(x).
2019/07/22 09:39:23.535 DEBUG SearchItem(140): Search list item(x)
2019/07/22 09:39:23.537 DEBUG AssignVar(250): i = 0
2019/07/22 09:39:23.539 DEBUG main(232): g_iTokenCount = 3
2019/07/22 09:39:23.541 INFO  ReleaseTree(347): ReleaseTreeÂëº„Å≥Âá∫„Åó
2019/07/22 09:39:23.545 INFO  ReleaseTree(347): ReleaseTreeÂëº„Å≥Âá∫„Åó
2019/07/22 09:39:23.547 INFO  ReleaseTree(347): ReleaseTreeÂëº„Å≥Âá∫„Åó
2019/07/22 09:39:23.550 INFO  ReleaseTree(347): ReleaseTreeÂëº„Å≥Âá∫„Åó
2019/07/22 09:39:23.552 INFO  ReleaseTree(347): ReleaseTreeÂëº„Å≥Âá∫„Åó
2019/07/22 09:39:23.554 INFO  ReleaseTree(347): ReleaseTreeÂëº„Å≥Âá∫„Åó
2019/07/22 09:39:23.556 INFO  ReleaseTree(347): ReleaseTreeÂëº„Å≥Âá∫„Åó
2019/07/22 09:39:23.558 DEBUG ReleaseToken(774): iTmpCount = 3
2019/07/22 09:39:23.560 DEBUG ReleaseToken(775): psToken[3] = ;
2019/07/22 09:39:23.562 DEBUG ReleaseToken(774): iTmpCount = 4
2019/07/22 09:39:23.565 DEBUG ReleaseToken(775): psToken[4] = (null)
2019/07/22 09:39:23.568 INFO  GetToken(270): GetTokenÂëº„Å≥Âá∫„Åó
2019/07/22 09:39:23.570 DEBUG GetToken(280): iWord = 

2019/07/22 09:39:23.575 INFO  JudgeString(136): JudgeStringÂëº„Å≥Âá∫„Åó
2019/07/22 09:39:23.577 DEBUG JudgeString(137): iWord = 

2019/07/22 09:39:23.579 INFO  JudgeArithmetic(87): JudgeArithmeticÂëº„Å≥Âá∫„Åó
2019/07/22 09:39:23.585 DEBUG JudgeArithmetic(88): iWord = 

2019/07/22 09:39:23.589 INFO  JudgeAssign(116): JudgeAssignÂëº„Å≥Âá∫„Åó
2019/07/22 09:39:23.591 DEBUG JudgeAssign(117): iWord = 

2019/07/22 09:39:23.595 INFO  JudgeOpenParen(156): JudgeOpenParenÂëº„Å≥Âá∫„Åó
2019/07/22 09:39:23.597 DEBUG JudgeOpenParen(157): iWord = 

2019/07/22 09:39:23.603 INFO  JudgeCloseParen(176): JudgeCloseParenÂëº„Å≥Âá∫„Åó
2019/07/22 09:39:23.605 DEBUG JudgeCloseParen(178): iWord = 

2019/07/22 09:39:23.609 INFO  JudgeLineFeed(714): JudgeLineFeedÂëº„Å≥Âá∫„Åó
2019/07/22 09:39:23.611 DEBUG JudgeLineFeed(715): iWord = 

2019/07/22 09:39:23.617 DEBUG GetToken(637): iWord = 

2019/07/22 09:39:23.622 DEBUG GetToken(280): iWord = y
2019/07/22 09:39:23.624 INFO  JudgeString(136): JudgeStringÂëº„Å≥Âá∫„Åó
2019/07/22 09:39:23.626 DEBUG JudgeString(137): iWord = y
2019/07/22 09:39:23.628 DEBUG GetToken(355): iWord =  
2019/07/22 09:39:23.630 DEBUG GetToken(358): iTokenCount = 2
2019/07/22 09:39:23.634 INFO  MakeToken(303): MakeTokenÂëº„Å≥Âá∫„Åó
2019/07/22 09:39:23.636 DEBUG MakeToken(315): psMakeToken[0] = y
2019/07/22 09:39:23.639 DEBUG MakeToken(318): iArrayCount = 1
2019/07/22 09:39:23.641 DEBUG MakeToken(321): iTokenCount = 1
2019/07/22 09:39:23.643 DEBUG GetToken(366): psTmpToken = y
2019/07/22 09:39:23.645 INFO  JudgeReserved(197): JudgeReservedÂëº„Å≥Âá∫„Åó
2019/07/22 09:39:23.647 DEBUG JudgeReserved(199): psTmpToken = y
2019/07/22 09:39:23.651 DEBUG GetToken(375): psToken[0] = y
2019/07/22 09:39:23.653 DEBUG GetToken(378): iArrayCount = 1
2019/07/22 09:39:23.656 DEBUG GetToken(381): iTokenCount = 1
2019/07/22 09:39:23.658 DEBUG GetToken(280): iWord =  
2019/07/22 09:39:23.660 INFO  JudgeString(136): JudgeStringÂëº„Å≥Âá∫„Åó
2019/07/22 09:39:23.662 DEBUG JudgeString(137): iWord =  
2019/07/22 09:39:23.664 INFO  JudgeArithmetic(87): JudgeArithmeticÂëº„Å≥Âá∫„Åó
2019/07/22 09:39:23.668 DEBUG JudgeArithmetic(88): iWord =  
2019/07/22 09:39:23.670 INFO  JudgeAssign(116): JudgeAssignÂëº„Å≥Âá∫„Åó
2019/07/22 09:39:23.673 DEBUG JudgeAssign(117): iWord =  
2019/07/22 09:39:23.674 INFO  JudgeOpenParen(156): JudgeOpenParenÂëº„Å≥Âá∫„Åó
2019/07/22 09:39:23.677 DEBUG JudgeOpenParen(157): iWord =  
2019/07/22 09:39:23.680 INFO  JudgeCloseParen(176): JudgeCloseParenÂëº„Å≥Âá∫„Åó
2019/07/22 09:39:23.683 DEBUG JudgeCloseParen(178): iWord =  
2019/07/22 09:39:23.685 INFO  JudgeLineFeed(714): JudgeLineFeedÂëº„Å≥Âá∫„Åó
2019/07/22 09:39:23.687 DEBUG JudgeLineFeed(715): iWord =  
2019/07/22 09:39:23.689 INFO  JudgeBlank(734): JudgeBlankÂëº„Å≥Âá∫„Åó
2019/07/22 09:39:23.691 DEBUG JudgeBlank(735): iWord =  
2019/07/22 09:39:23.693 DEBUG GetToken(642): iWord =  
2019/07/22 09:39:23.695 DEBUG GetToken(280): iWord = =
2019/07/22 09:39:23.697 INFO  JudgeString(136): JudgeStringÂëº„Å≥Âá∫„Åó
2019/07/22 09:39:23.699 DEBUG JudgeString(137): iWord = =
2019/07/22 09:39:23.703 INFO  JudgeArithmetic(87): JudgeArithmeticÂëº„Å≥Âá∫„Åó
2019/07/22 09:39:23.705 DEBUG JudgeArithmetic(88): iWord = =
2019/07/22 09:39:23.707 INFO  JudgeAssign(116): JudgeAssignÂëº„Å≥Âá∫„Åó
2019/07/22 09:39:23.710 DEBUG JudgeAssign(117): iWord = =
2019/07/22 09:39:23.712 DEBUG GetToken(543): iWord =  
2019/07/22 09:39:23.714 DEBUG GetToken(546): iTokenCount = 2
2019/07/22 09:39:23.718 INFO  MakeToken(303): MakeTokenÂëº„Å≥Âá∫„Åó
2019/07/22 09:39:23.719 DEBUG MakeToken(315): psMakeToken[0] = =
2019/07/22 09:39:23.722 DEBUG MakeToken(318): iArrayCount = 1
2019/07/22 09:39:23.724 DEBUG MakeToken(321): iTokenCount = 1
2019/07/22 09:39:23.726 DEBUG GetToken(557): psTmpToken = =
2019/07/22 09:39:23.728 DEBUG GetToken(560): psToken[1] = =
2019/07/22 09:39:23.731 DEBUG GetToken(563): iArrayCount = 2
2019/07/22 09:39:23.734 DEBUG GetToken(566): iTokenCount = 1
2019/07/22 09:39:23.736 DEBUG GetToken(280): iWord =  
2019/07/22 09:39:23.738 INFO  JudgeString(136): JudgeStringÂëº„Å≥Âá∫„Åó
2019/07/22 09:39:23.740 DEBUG JudgeString(137): iWord =  
2019/07/22 09:39:23.743 INFO  JudgeArithmetic(87): JudgeArithmeticÂëº„Å≥Âá∫„Åó
2019/07/22 09:39:23.747 DEBUG JudgeArithmetic(88): iWord =  
2019/07/22 09:39:23.749 INFO  JudgeAssign(116): JudgeAssignÂëº„Å≥Âá∫„Åó
2019/07/22 09:39:23.751 DEBUG JudgeAssign(117): iWord =  
2019/07/22 09:39:23.753 INFO  JudgeOpenParen(156): JudgeOpenParenÂëº„Å≥Âá∫„Åó
2019/07/22 09:39:23.755 DEBUG JudgeOpenParen(157): iWord =  
2019/07/22 09:39:23.757 INFO  JudgeCloseParen(176): JudgeCloseParenÂëº„Å≥Âá∫„Åó
2019/07/22 09:39:23.759 DEBUG JudgeCloseParen(178): iWord =  
2019/07/22 09:39:23.762 INFO  JudgeLineFeed(714): JudgeLineFeedÂëº„Å≥Âá∫„Åó
2019/07/22 09:39:23.765 DEBUG JudgeLineFeed(715): iWord =  
2019/07/22 09:39:23.767 INFO  JudgeBlank(734): JudgeBlankÂëº„Å≥Âá∫„Åó
2019/07/22 09:39:23.769 DEBUG JudgeBlank(735): iWord =  
2019/07/22 09:39:23.771 DEBUG GetToken(642): iWord =  
2019/07/22 09:39:23.773 DEBUG GetToken(280): iWord = 2
2019/07/22 09:39:23.775 INFO  JudgeString(136): JudgeStringÂëº„Å≥Âá∫„Åó
2019/07/22 09:39:23.779 DEBUG JudgeString(137): iWord = 2
2019/07/22 09:39:23.781 DEBUG GetToken(428): iWord = ;
2019/07/22 09:39:23.783 DEBUG GetToken(431): iTokenCount = 2
2019/07/22 09:39:23.785 INFO  JudgeArithmetic(87): JudgeArithmeticÂëº„Å≥Âá∫„Åó
2019/07/22 09:39:23.787 DEBUG JudgeArithmetic(88): iWord = ;
2019/07/22 09:39:23.789 INFO  JudgeCloseParen(176): JudgeCloseParenÂëº„Å≥Âá∫„Åó
2019/07/22 09:39:23.791 DEBUG JudgeCloseParen(178): iWord = ;
2019/07/22 09:39:23.796 INFO  JudgeBlank(734): JudgeBlankÂëº„Å≥Âá∫„Åó
2019/07/22 09:39:23.798 DEBUG JudgeBlank(735): iWord = ;
2019/07/22 09:39:23.800 INFO  JudgeLineFeed(714): JudgeLineFeedÂëº„Å≥Âá∫„Åó
2019/07/22 09:39:23.802 DEBUG JudgeLineFeed(715): iWord = ;
2019/07/22 09:39:23.804 INFO  MakeToken(303): MakeTokenÂëº„Å≥Âá∫„Åó
2019/07/22 09:39:23.806 DEBUG MakeToken(315): psMakeToken[0] = 2
2019/07/22 09:39:23.808 DEBUG MakeToken(318): iArrayCount = 1
2019/07/22 09:39:23.812 DEBUG MakeToken(321): iTokenCount = 1
2019/07/22 09:39:23.814 DEBUG GetToken(449): psTmpToken = 2
2019/07/22 09:39:23.816 DEBUG GetToken(481): psToken[2] = 2
2019/07/22 09:39:23.818 DEBUG GetToken(484): iArrayCount = 3
2019/07/22 09:39:23.820 DEBUG GetToken(487): iTokenCount = 1
2019/07/22 09:39:23.822 DEBUG GetToken(280): iWord = ;
2019/07/22 09:39:23.824 INFO  JudgeString(136): JudgeStringÂëº„Å≥Âá∫„Åó
2019/07/22 09:39:23.826 DEBUG JudgeString(137): iWord = ;
2019/07/22 09:39:23.828 INFO  JudgeArithmetic(87): JudgeArithmeticÂëº„Å≥Âá∫„Åó
2019/07/22 09:39:23.831 DEBUG JudgeArithmetic(88): iWord = ;
2019/07/22 09:39:23.834 INFO  JudgeAssign(116): JudgeAssignÂëº„Å≥Âá∫„Åó
2019/07/22 09:39:23.836 DEBUG JudgeAssign(117): iWord = ;
2019/07/22 09:39:23.838 INFO  JudgeOpenParen(156): JudgeOpenParenÂëº„Å≥Âá∫„Åó
2019/07/22 09:39:23.840 DEBUG JudgeOpenParen(157): iWord = ;
2019/07/22 09:39:23.842 INFO  JudgeCloseParen(176): JudgeCloseParenÂëº„Å≥Âá∫„Åó
2019/07/22 09:39:23.846 DEBUG JudgeCloseParen(178): iWord = ;
2019/07/22 09:39:23.848 INFO  JudgeLineFeed(714): JudgeLineFeedÂëº„Å≥Âá∫„Åó
2019/07/22 09:39:23.850 DEBUG JudgeLineFeed(715): iWord = ;
2019/07/22 09:39:23.852 INFO  JudgeBlank(734): JudgeBlankÂëº„Å≥Âá∫„Åó
2019/07/22 09:39:23.854 DEBUG JudgeBlank(735): iWord = ;
2019/07/22 09:39:23.856 DEBUG GetToken(647): iWord = ;
2019/07/22 09:39:23.858 DEBUG GetToken(654): psSemicolonToken[0] = 
2019/07/22 09:39:23.860 DEBUG GetToken(669): psToken[3] = ;
2019/07/22 09:39:23.862 DEBUG GetToken(672): iArrayCount = 4
2019/07/22 09:39:23.864 DEBUG GetToken(675): iTokenCount = 1
2019/07/22 09:39:23.868 DEBUG main(210): psToken[0] = y
2019/07/22 09:39:23.870 INFO  PreProcess(58): PreProcessÂëº„Å≥Âá∫„Åó
2019/07/22 09:39:23.872 DEBUG PreProcess(64): psToken[0] = y
2019/07/22 09:39:23.874 INFO  JudgeReserved(197): JudgeReservedÂëº„Å≥Âá∫„Åó
2019/07/22 09:39:23.876 DEBUG JudgeReserved(199): psTmpToken = y
2019/07/22 09:39:23.878 DEBUG PreProcess(162): i = 1
2019/07/22 09:39:23.880 DEBUG PreProcess(64): psToken[1] = =
2019/07/22 09:39:23.884 INFO  JudgeReserved(197): JudgeReservedÂëº„Å≥Âá∫„Åó
2019/07/22 09:39:23.886 DEBUG JudgeReserved(199): psTmpToken = y
2019/07/22 09:39:23.888 DEBUG PreProcess(162): i = 2
2019/07/22 09:39:23.891 DEBUG PreProcess(64): psToken[2] = 2
2019/07/22 09:39:23.895 DEBUG PreProcess(162): i = 3
2019/07/22 09:39:23.896 DEBUG PreProcess(64): psToken[3] = ;
2019/07/22 09:39:23.899 DEBUG MakeTree(35): iErrorFlag = 0
2019/07/22 09:39:23.901 DEBUG Factor(312): g_iTokenCount = 0
2019/07/22 09:39:23.903 DEBUG Factor(313): psToken[0] = y
2019/07/22 09:39:23.905 INFO  JudgeReserved(197): JudgeReservedÂëº„Å≥Âá∫„Åó
2019/07/22 09:39:23.907 DEBUG JudgeReserved(199): psTmpToken = y
2019/07/22 09:39:23.912 DEBUG CreateItem(59): Create list item(0).
2019/07/22 09:39:23.917 DEBUG CreateItem(59): Create list item(0).
2019/07/22 09:39:23.920 DEBUG Factor(312): g_iTokenCount = 2
2019/07/22 09:39:23.922 DEBUG Factor(313): psToken[2] = 2
2019/07/22 09:39:23.925 DEBUG CreateItem(59): Create list item(0).
2019/07/22 09:39:23.929 DEBUG Factor(320): g_iTokenCount = 3
2019/07/22 09:39:23.931 DEBUG Factor(321): psToken[3] = ;
2019/07/22 09:39:23.933 DEBUG Term(253): psToken[3] = ;
2019/07/22 09:39:23.935 DEBUG Formula(182): g_iTokenCount = 3
2019/07/22 09:39:23.937 DEBUG Formula(183): psToken[3] = ;
2019/07/22 09:39:23.939 DEBUG Term(253): psToken[3] = ;
2019/07/22 09:39:23.941 DEBUG Formula(182): g_iTokenCount = 3
2019/07/22 09:39:23.943 DEBUG Formula(183): psToken[3] = ;
2019/07/22 09:39:23.945 DEBUG Excution(39): „Éé„Éº„Éâ : =
2019/07/22 09:39:23.947 DEBUG Excution(39): „Éé„Éº„Éâ : y
2019/07/22 09:39:23.951 DEBUG Excution(39): „Éé„Éº„Éâ : 2
2019/07/22 09:39:23.953 DEBUG AssignVar(244): iValuelength = 1
2019/07/22 09:39:23.957 DEBUG CreateItem(59): Create list item(y).
2019/07/22 09:39:23.958 DEBUG AddItem(108): Add list item(y).
2019/07/22 09:39:23.960 DEBUG SearchItem(140): Search list item(y)
2019/07/22 09:39:23.962 DEBUG AssignVar(250): i = 0
2019/07/22 09:39:23.965 DEBUG main(232): g_iTokenCount = 3
2019/07/22 09:39:23.967 INFO  ReleaseTree(347): ReleaseTreeÂëº„Å≥Âá∫„Åó
2019/07/22 09:39:23.969 INFO  ReleaseTree(347): ReleaseTreeÂëº„Å≥Âá∫„Åó
2019/07/22 09:39:23.971 INFO  ReleaseTree(347): ReleaseTreeÂëº„Å≥Âá∫„Åó
2019/07/22 09:39:23.972 INFO  ReleaseTree(347): ReleaseTreeÂëº„Å≥Âá∫„Åó
2019/07/22 09:39:23.974 INFO  ReleaseTree(347): ReleaseTreeÂëº„Å≥Âá∫„Åó
2019/07/22 09:39:23.976 INFO  ReleaseTree(347): ReleaseTreeÂëº„Å≥Âá∫„Åó
2019/07/22 09:39:23.978 INFO  ReleaseTree(347): ReleaseTreeÂëº„Å≥Âá∫„Åó
2019/07/22 09:39:23.979 DEBUG ReleaseToken(774): iTmpCount = 3
2019/07/22 09:39:23.983 DEBUG ReleaseToken(775): psToken[3] = ;
2019/07/22 09:39:23.985 DEBUG ReleaseToken(774): iTmpCount = 4
2019/07/22 09:39:23.986 DEBUG ReleaseToken(775): psToken[4] = (null)
2019/07/22 09:39:23.988 INFO  GetToken(270): GetTokenÂëº„Å≥Âá∫„Åó
2019/07/22 09:39:23.990 DEBUG GetToken(280): iWord = 

2019/07/22 09:39:23.993 INFO  JudgeString(136): JudgeStringÂëº„Å≥Âá∫„Åó
2019/07/22 09:39:23.995 DEBUG JudgeString(137): iWord = 

2019/07/22 09:39:24.000 INFO  JudgeArithmetic(87): JudgeArithmeticÂëº„Å≥Âá∫„Åó
2019/07/22 09:39:24.002 DEBUG JudgeArithmetic(88): iWord = 

2019/07/22 09:39:24.006 INFO  JudgeAssign(116): JudgeAssignÂëº„Å≥Âá∫„Åó
2019/07/22 09:39:24.007 DEBUG JudgeAssign(117): iWord = 

2019/07/22 09:39:24.011 INFO  JudgeOpenParen(156): JudgeOpenParenÂëº„Å≥Âá∫„Åó
2019/07/22 09:39:24.014 DEBUG JudgeOpenParen(157): iWord = 

2019/07/22 09:39:24.016 INFO  JudgeCloseParen(176): JudgeCloseParenÂëº„Å≥Âá∫„Åó
2019/07/22 09:39:24.018 DEBUG JudgeCloseParen(178): iWord = 

2019/07/22 09:39:24.022 INFO  JudgeLineFeed(714): JudgeLineFeedÂëº„Å≥Âá∫„Åó
2019/07/22 09:39:24.025 DEBUG JudgeLineFeed(715): iWord = 

2019/07/22 09:39:24.030 DEBUG GetToken(637): iWord = 

2019/07/22 09:39:24.032 DEBUG GetToken(280): iWord = x
2019/07/22 09:39:24.034 INFO  JudgeString(136): JudgeStringÂëº„Å≥Âá∫„Åó
2019/07/22 09:39:24.038 DEBUG JudgeString(137): iWord = x
2019/07/22 09:39:24.040 DEBUG GetToken(355): iWord =  
2019/07/22 09:39:24.042 DEBUG GetToken(358): iTokenCount = 2
2019/07/22 09:39:24.044 INFO  MakeToken(303): MakeTokenÂëº„Å≥Âá∫„Åó
2019/07/22 09:39:24.046 DEBUG MakeToken(315): psMakeToken[0] = x
2019/07/22 09:39:24.050 DEBUG MakeToken(318): iArrayCount = 1
2019/07/22 09:39:24.051 DEBUG MakeToken(321): iTokenCount = 1
2019/07/22 09:39:24.052 DEBUG GetToken(366): psTmpToken = x
2019/07/22 09:39:24.055 INFO  JudgeReserved(197): JudgeReservedÂëº„Å≥Âá∫„Åó
2019/07/22 09:39:24.057 DEBUG JudgeReserved(199): psTmpToken = x
2019/07/22 09:39:24.059 DEBUG GetToken(375): psToken[0] = x
2019/07/22 09:39:24.061 DEBUG GetToken(378): iArrayCount = 1
2019/07/22 09:39:24.064 DEBUG GetToken(381): iTokenCount = 1
2019/07/22 09:39:24.067 DEBUG GetToken(280): iWord =  
2019/07/22 09:39:24.069 INFO  JudgeString(136): JudgeStringÂëº„Å≥Âá∫„Åó
2019/07/22 09:39:24.070 DEBUG JudgeString(137): iWord =  
2019/07/22 09:39:24.073 INFO  JudgeArithmetic(87): JudgeArithmeticÂëº„Å≥Âá∫„Åó
2019/07/22 09:39:24.075 DEBUG JudgeArithmetic(88): iWord =  
2019/07/22 09:39:24.077 INFO  JudgeAssign(116): JudgeAssignÂëº„Å≥Âá∫„Åó
2019/07/22 09:39:24.081 DEBUG JudgeAssign(117): iWord =  
2019/07/22 09:39:24.083 INFO  JudgeOpenParen(156): JudgeOpenParenÂëº„Å≥Âá∫„Åó
2019/07/22 09:39:24.085 DEBUG JudgeOpenParen(157): iWord =  
2019/07/22 09:39:24.087 INFO  JudgeCloseParen(176): JudgeCloseParenÂëº„Å≥Âá∫„Åó
2019/07/22 09:39:24.089 DEBUG JudgeCloseParen(178): iWord =  
2019/07/22 09:39:24.091 INFO  JudgeLineFeed(714): JudgeLineFeedÂëº„Å≥Âá∫„Åó
2019/07/22 09:39:24.093 DEBUG JudgeLineFeed(715): iWord =  
2019/07/22 09:39:24.095 INFO  JudgeBlank(734): JudgeBlankÂëº„Å≥Âá∫„Åó
2019/07/22 09:39:24.098 DEBUG JudgeBlank(735): iWord =  
2019/07/22 09:39:24.100 DEBUG GetToken(642): iWord =  
2019/07/22 09:39:24.102 DEBUG GetToken(280): iWord = =
2019/07/22 09:39:24.104 INFO  JudgeString(136): JudgeStringÂëº„Å≥Âá∫„Åó
2019/07/22 09:39:24.107 DEBUG JudgeString(137): iWord = =
2019/07/22 09:39:24.108 INFO  JudgeArithmetic(87): JudgeArithmeticÂëº„Å≥Âá∫„Åó
2019/07/22 09:39:24.112 DEBUG JudgeArithmetic(88): iWord = =
2019/07/22 09:39:24.114 INFO  JudgeAssign(116): JudgeAssignÂëº„Å≥Âá∫„Åó
2019/07/22 09:39:24.116 DEBUG JudgeAssign(117): iWord = =
2019/07/22 09:39:24.118 DEBUG GetToken(543): iWord =  
2019/07/22 09:39:24.120 DEBUG GetToken(546): iTokenCount = 2
2019/07/22 09:39:24.123 INFO  MakeToken(303): MakeTokenÂëº„Å≥Âá∫„Åó
2019/07/22 09:39:24.124 DEBUG MakeToken(315): psMakeToken[0] = =
2019/07/22 09:39:24.126 DEBUG MakeToken(318): iArrayCount = 1
2019/07/22 09:39:24.128 DEBUG MakeToken(321): iTokenCount = 1
2019/07/22 09:39:24.134 DEBUG GetToken(557): psTmpToken = =
2019/07/22 09:39:24.135 DEBUG GetToken(560): psToken[1] = =
2019/07/22 09:39:24.137 DEBUG GetToken(563): iArrayCount = 2
2019/07/22 09:39:24.139 DEBUG GetToken(566): iTokenCount = 1
2019/07/22 09:39:24.141 DEBUG GetToken(280): iWord =  
2019/07/22 09:39:24.143 INFO  JudgeString(136): JudgeStringÂëº„Å≥Âá∫„Åó
2019/07/22 09:39:24.145 DEBUG JudgeString(137): iWord =  
2019/07/22 09:39:24.147 INFO  JudgeArithmetic(87): JudgeArithmeticÂëº„Å≥Âá∫„Åó
2019/07/22 09:39:24.151 DEBUG JudgeArithmetic(88): iWord =  
2019/07/22 09:39:24.153 INFO  JudgeAssign(116): JudgeAssignÂëº„Å≥Âá∫„Åó
2019/07/22 09:39:24.154 DEBUG JudgeAssign(117): iWord =  
2019/07/22 09:39:24.157 INFO  JudgeOpenParen(156): JudgeOpenParenÂëº„Å≥Âá∫„Åó
2019/07/22 09:39:24.159 DEBUG JudgeOpenParen(157): iWord =  
2019/07/22 09:39:24.162 INFO  JudgeCloseParen(176): JudgeCloseParenÂëº„Å≥Âá∫„Åó
2019/07/22 09:39:24.164 DEBUG JudgeCloseParen(178): iWord =  
2019/07/22 09:39:24.167 INFO  JudgeLineFeed(714): JudgeLineFeedÂëº„Å≥Âá∫„Åó
2019/07/22 09:39:24.169 DEBUG JudgeLineFeed(715): iWord =  
2019/07/22 09:39:24.171 INFO  JudgeBlank(734): JudgeBlankÂëº„Å≥Âá∫„Åó
2019/07/22 09:39:24.173 DEBUG JudgeBlank(735): iWord =  
2019/07/22 09:39:24.175 DEBUG GetToken(642): iWord =  
2019/07/22 09:39:24.179 DEBUG GetToken(280): iWord = y
2019/07/22 09:39:24.181 INFO  JudgeString(136): JudgeStringÂëº„Å≥Âá∫„Åó
2019/07/22 09:39:24.183 DEBUG JudgeString(137): iWord = y
2019/07/22 09:39:24.185 DEBUG GetToken(355): iWord = ;
2019/07/22 09:39:24.187 DEBUG GetToken(358): iTokenCount = 2
2019/07/22 09:39:24.190 INFO  MakeToken(303): MakeTokenÂëº„Å≥Âá∫„Åó
2019/07/22 09:39:24.192 DEBUG MakeToken(315): psMakeToken[0] = y
2019/07/22 09:39:24.195 DEBUG MakeToken(318): iArrayCount = 1
2019/07/22 09:39:24.197 DEBUG MakeToken(321): iTokenCount = 1
2019/07/22 09:39:24.198 DEBUG GetToken(366): psTmpToken = y
2019/07/22 09:39:24.199 INFO  JudgeReserved(197): JudgeReservedÂëº„Å≥Âá∫„Åó
2019/07/22 09:39:24.201 DEBUG JudgeReserved(199): psTmpToken = y
2019/07/22 09:39:24.203 DEBUG GetToken(375): psToken[2] = y
2019/07/22 09:39:24.205 DEBUG GetToken(378): iArrayCount = 3
2019/07/22 09:39:24.206 DEBUG GetToken(381): iTokenCount = 1
2019/07/22 09:39:24.210 DEBUG GetToken(280): iWord = ;
2019/07/22 09:39:24.212 INFO  JudgeString(136): JudgeStringÂëº„Å≥Âá∫„Åó
2019/07/22 09:39:24.215 DEBUG JudgeString(137): iWord = ;
2019/07/22 09:39:24.217 INFO  JudgeArithmetic(87): JudgeArithmeticÂëº„Å≥Âá∫„Åó
2019/07/22 09:39:24.219 DEBUG JudgeArithmetic(88): iWord = ;
2019/07/22 09:39:24.221 INFO  JudgeAssign(116): JudgeAssignÂëº„Å≥Âá∫„Åó
2019/07/22 09:39:24.222 DEBUG JudgeAssign(117): iWord = ;
2019/07/22 09:39:24.224 INFO  JudgeOpenParen(156): JudgeOpenParenÂëº„Å≥Âá∫„Åó
2019/07/22 09:39:24.226 DEBUG JudgeOpenParen(157): iWord = ;
2019/07/22 09:39:24.229 INFO  JudgeCloseParen(176): JudgeCloseParenÂëº„Å≥Âá∫„Åó
2019/07/22 09:39:24.231 DEBUG JudgeCloseParen(178): iWord = ;
2019/07/22 09:39:24.234 INFO  JudgeLineFeed(714): JudgeLineFeedÂëº„Å≥Âá∫„Åó
2019/07/22 09:39:24.236 DEBUG JudgeLineFeed(715): iWord = ;
2019/07/22 09:39:24.238 INFO  JudgeBlank(734): JudgeBlankÂëº„Å≥Âá∫„Åó
2019/07/22 09:39:24.240 DEBUG JudgeBlank(735): iWord = ;
2019/07/22 09:39:24.242 DEBUG GetToken(647): iWord = ;
2019/07/22 09:39:24.246 DEBUG GetToken(654): psSemicolonToken[0] = 
2019/07/22 09:39:24.248 DEBUG GetToken(669): psToken[3] = ;
2019/07/22 09:39:24.250 DEBUG GetToken(672): iArrayCount = 4
2019/07/22 09:39:24.252 DEBUG GetToken(675): iTokenCount = 1
2019/07/22 09:39:24.254 DEBUG main(210): psToken[0] = x
2019/07/22 09:39:24.256 INFO  PreProcess(58): PreProcessÂëº„Å≥Âá∫„Åó
2019/07/22 09:39:24.258 DEBUG PreProcess(64): psToken[0] = x
2019/07/22 09:39:24.264 INFO  JudgeReserved(197): JudgeReservedÂëº„Å≥Âá∫„Åó
2019/07/22 09:39:24.265 DEBUG JudgeReserved(199): psTmpToken = x
2019/07/22 09:39:24.268 DEBUG PreProcess(162): i = 1
2019/07/22 09:39:24.270 DEBUG PreProcess(64): psToken[1] = =
2019/07/22 09:39:24.272 INFO  JudgeReserved(197): JudgeReservedÂëº„Å≥Âá∫„Åó
2019/07/22 09:39:24.274 DEBUG JudgeReserved(199): psTmpToken = x
2019/07/22 09:39:24.276 DEBUG PreProcess(162): i = 2
2019/07/22 09:39:24.278 DEBUG PreProcess(64): psToken[2] = y
2019/07/22 09:39:24.280 INFO  JudgeReserved(197): JudgeReservedÂëº„Å≥Âá∫„Åó
2019/07/22 09:39:24.284 DEBUG JudgeReserved(199): psTmpToken = y
2019/07/22 09:39:24.286 DEBUG PreProcess(162): i = 3
2019/07/22 09:39:24.288 DEBUG PreProcess(64): psToken[3] = ;
2019/07/22 09:39:24.290 DEBUG MakeTree(35): iErrorFlag = 0
2019/07/22 09:39:24.292 DEBUG Factor(312): g_iTokenCount = 0
2019/07/22 09:39:24.296 DEBUG Factor(313): psToken[0] = x
2019/07/22 09:39:24.298 INFO  JudgeReserved(197): JudgeReservedÂëº„Å≥Âá∫„Åó
2019/07/22 09:39:24.300 DEBUG JudgeReserved(199): psTmpToken = x
2019/07/22 09:39:24.305 DEBUG CreateItem(59): Create list item(0).
2019/07/22 09:39:24.308 DEBUG CreateItem(59): Create list item(0).
2019/07/22 09:39:24.310 DEBUG Factor(312): g_iTokenCount = 2
2019/07/22 09:39:24.312 DEBUG Factor(313): psToken[2] = y
2019/07/22 09:39:24.316 INFO  JudgeReserved(197): JudgeReservedÂëº„Å≥Âá∫„Åó
2019/07/22 09:39:24.318 DEBUG JudgeReserved(199): psTmpToken = y
2019/07/22 09:39:24.322 DEBUG CreateItem(59): Create list item(0).
2019/07/22 09:39:24.324 DEBUG Term(253): psToken[3] = ;
2019/07/22 09:39:24.325 DEBUG Formula(182): g_iTokenCount = 3
2019/07/22 09:39:24.327 DEBUG Formula(183): psToken[3] = ;
2019/07/22 09:39:24.330 DEBUG Term(253): psToken[3] = ;
2019/07/22 09:39:24.332 DEBUG Formula(182): g_iTokenCount = 3
2019/07/22 09:39:24.334 DEBUG Formula(183): psToken[3] = ;
2019/07/22 09:39:24.336 DEBUG Excution(39): „Éé„Éº„Éâ : =
2019/07/22 09:39:24.337 DEBUG Excution(39): „Éé„Éº„Éâ : x
2019/07/22 09:39:24.339 DEBUG Excution(39): „Éé„Éº„Éâ : y
2019/07/22 09:39:24.341 DEBUG SearchItem(140): Search list item(y)
2019/07/22 09:39:24.343 DEBUG AssignVar(228): iValuelength = 1
2019/07/22 09:39:24.345 DEBUG SearchItem(140): Search list item(x)
2019/07/22 09:39:24.348 DEBUG SearchItem(140): Search list item(x)
2019/07/22 09:39:24.350 DEBUG DeleteItem(216): Delete list item(x)
2019/07/22 09:39:24.353 DEBUG CreateItem(59): Create list item(x).
2019/07/22 09:39:24.355 DEBUG AddItem(108): Add list item(I≥l).
2019/07/22 09:39:24.358 DEBUG AssignVar(234): i = 0
2019/07/22 09:39:24.360 DEBUG main(232): g_iTokenCount = 3
2019/07/22 09:39:24.362 INFO  ReleaseTree(347): ReleaseTreeÂëº„Å≥Âá∫„Åó
2019/07/22 09:39:24.366 INFO  ReleaseTree(347): ReleaseTreeÂëº„Å≥Âá∫„Åó
2019/07/22 09:39:24.367 INFO  ReleaseTree(347): ReleaseTreeÂëº„Å≥Âá∫„Åó
2019/07/22 09:39:24.369 INFO  ReleaseTree(347): ReleaseTreeÂëº„Å≥Âá∫„Åó
2019/07/22 09:39:24.371 INFO  ReleaseTree(347): ReleaseTreeÂëº„Å≥Âá∫„Åó
2019/07/22 09:39:24.373 INFO  ReleaseTree(347): ReleaseTreeÂëº„Å≥Âá∫„Åó
2019/07/22 09:39:24.375 INFO  ReleaseTree(347): ReleaseTreeÂëº„Å≥Âá∫„Åó
2019/07/22 09:39:24.377 DEBUG ReleaseToken(774): iTmpCount = 3
2019/07/22 09:39:24.379 DEBUG ReleaseToken(775): psToken[3] = ;
2019/07/22 09:39:24.382 DEBUG ReleaseToken(774): iTmpCount = 4
2019/07/22 09:39:24.384 DEBUG ReleaseToken(775): psToken[4] = (null)
2019/07/22 09:39:24.384 INFO  GetToken(270): GetTokenÂëº„Å≥Âá∫„Åó
2019/07/22 09:39:24.386 DEBUG GetToken(280): iWord = ˇ
2019/07/22 09:39:24.388 INFO  JudgeString(136): JudgeStringÂëº„Å≥Âá∫„Åó
2019/07/22 09:39:24.390 DEBUG JudgeString(137): iWord = ˇ
2019/07/22 09:39:24.391 INFO  JudgeArithmetic(87): JudgeArithmeticÂëº„Å≥Âá∫„Åó
2019/07/22 09:39:24.395 DEBUG JudgeArithmetic(88): iWord = ˇ
2019/07/22 09:39:24.399 INFO  JudgeAssign(116): JudgeAssignÂëº„Å≥Âá∫„Åó
2019/07/22 09:39:24.401 DEBUG JudgeAssign(117): iWord = ˇ
2019/07/22 09:39:24.402 INFO  JudgeOpenParen(156): JudgeOpenParenÂëº„Å≥Âá∫„Åó
2019/07/22 09:39:24.405 DEBUG JudgeOpenParen(157): iWord = ˇ
2019/07/22 09:39:24.406 INFO  JudgeCloseParen(176): JudgeCloseParenÂëº„Å≥Âá∫„Åó
2019/07/22 09:39:24.409 DEBUG JudgeCloseParen(178): iWord = ˇ
2019/07/22 09:39:24.411 INFO  JudgeLineFeed(714): JudgeLineFeedÂëº„Å≥Âá∫„Åó
2019/07/22 09:39:24.413 DEBUG JudgeLineFeed(715): iWord = ˇ
2019/07/22 09:39:24.417 INFO  JudgeBlank(734): JudgeBlankÂëº„Å≥Âá∫„Åó
2019/07/22 09:39:24.419 DEBUG JudgeBlank(735): iWord = ˇ
2019/07/22 09:39:24.421 DEBUG GetToken(682): iWord = ˇ
2019/07/22 09:39:24.423 DEBUG GetToken(683): psToken[0] = (null)
2019/07/22 09:39:24.425 DEBUG main(210): psToken[0] = (null)
2019/07/22 09:56:45.032 DEBUG main(171): iDiff = 1
2019/07/22 09:56:45.033 DEBUG main(175): argv[2][iDiff] = e
2019/07/22 09:56:45.033 WARN  main(246): 1Ë°åÁõÆ : „Éï„Ç°„Ç§„É´„ÅÆÊã°ÂºµÂ≠ê„ÅåÁï∞„Å™„Çä„Åæ„Åô„ÄÇ
2019/07/22 10:00:02.702 DEBUG main(171): iDiff = 4
2019/07/22 10:00:02.702 DEBUG main(175): argv[2][iDiff] = .
2019/07/22 10:00:02.703 DEBUG main(178): argv[2][iDiff] = c
2019/07/22 10:00:02.703 DEBUG main(181): argv[2][iDiff] = c
2019/07/22 10:00:02.703 INFO  GetToken(270): GetTokenÂëº„Å≥Âá∫„Åó
2019/07/22 10:00:02.703 DEBUG GetToken(280): iWord = x
2019/07/22 10:00:02.703 INFO  JudgeString(135): JudgeStringÂëº„Å≥Âá∫„Åó
2019/07/22 10:00:02.703 DEBUG JudgeString(136): iWord = x
2019/07/22 10:00:02.704 DEBUG GetToken(355): iWord =  
2019/07/22 10:00:02.704 DEBUG GetToken(358): iTokenCount = 2
2019/07/22 10:00:02.704 INFO  MakeToken(302): MakeTokenÂëº„Å≥Âá∫„Åó
2019/07/22 10:00:02.704 DEBUG MakeToken(314): psMakeToken[0] = x
2019/07/22 10:00:02.704 DEBUG MakeToken(317): iArrayCount = 1
2019/07/22 10:00:02.704 DEBUG MakeToken(320): iTokenCount = 1
2019/07/22 10:00:02.704 DEBUG GetToken(366): psTmpToken = x
2019/07/22 10:00:02.704 INFO  JudgeReserved(196): JudgeReservedÂëº„Å≥Âá∫„Åó
2019/07/22 10:00:02.705 DEBUG JudgeReserved(198): psTmpToken = x
2019/07/22 10:00:02.705 DEBUG GetToken(375): psToken[0] = x
2019/07/22 10:00:02.705 DEBUG GetToken(378): iArrayCount = 1
2019/07/22 10:00:02.705 DEBUG GetToken(381): iTokenCount = 1
2019/07/22 10:00:02.705 DEBUG GetToken(280): iWord =  
2019/07/22 10:00:02.705 INFO  JudgeString(135): JudgeStringÂëº„Å≥Âá∫„Åó
2019/07/22 10:00:02.705 DEBUG JudgeString(136): iWord =  
2019/07/22 10:00:02.705 INFO  JudgeArithmetic(86): JudgeArithmeticÂëº„Å≥Âá∫„Åó
2019/07/22 10:00:02.706 DEBUG JudgeArithmetic(87): iWord =  
2019/07/22 10:00:02.706 INFO  JudgeAssign(115): JudgeAssignÂëº„Å≥Âá∫„Åó
2019/07/22 10:00:02.706 DEBUG JudgeAssign(116): iWord =  
2019/07/22 10:00:02.706 INFO  JudgeOpenParen(155): JudgeOpenParenÂëº„Å≥Âá∫„Åó
2019/07/22 10:00:02.706 DEBUG JudgeOpenParen(156): iWord =  
2019/07/22 10:00:02.706 INFO  JudgeCloseParen(175): JudgeCloseParenÂëº„Å≥Âá∫„Åó
2019/07/22 10:00:02.707 DEBUG JudgeCloseParen(177): iWord =  
2019/07/22 10:00:02.707 INFO  JudgeLineFeed(714): JudgeLineFeedÂëº„Å≥Âá∫„Åó
2019/07/22 10:00:02.710 DEBUG JudgeLineFeed(715): iWord =  
2019/07/22 10:00:02.712 INFO  JudgeBlank(734): JudgeBlankÂëº„Å≥Âá∫„Åó
2019/07/22 10:00:02.713 DEBUG JudgeBlank(735): iWord =  
2019/07/22 10:00:02.719 DEBUG GetToken(642): iWord =  
2019/07/22 10:00:02.723 DEBUG GetToken(280): iWord = =
2019/07/22 10:00:02.725 INFO  JudgeString(135): JudgeStringÂëº„Å≥Âá∫„Åó
2019/07/22 10:00:02.728 DEBUG JudgeString(136): iWord = =
2019/07/22 10:00:02.729 INFO  JudgeArithmetic(86): JudgeArithmeticÂëº„Å≥Âá∫„Åó
2019/07/22 10:00:02.730 DEBUG JudgeArithmetic(87): iWord = =
2019/07/22 10:00:02.735 INFO  JudgeAssign(115): JudgeAssignÂëº„Å≥Âá∫„Åó
2019/07/22 10:00:02.735 DEBUG JudgeAssign(116): iWord = =
2019/07/22 10:00:02.738 DEBUG GetToken(543): iWord =  
2019/07/22 10:00:02.740 DEBUG GetToken(546): iTokenCount = 2
2019/07/22 10:00:02.741 INFO  MakeToken(302): MakeTokenÂëº„Å≥Âá∫„Åó
2019/07/22 10:00:02.743 DEBUG MakeToken(314): psMakeToken[0] = =
2019/07/22 10:00:02.745 DEBUG MakeToken(317): iArrayCount = 1
2019/07/22 10:00:02.749 DEBUG MakeToken(320): iTokenCount = 1
2019/07/22 10:00:02.749 DEBUG GetToken(557): psTmpToken = =
2019/07/22 10:00:02.751 DEBUG GetToken(560): psToken[1] = =
2019/07/22 10:00:02.754 DEBUG GetToken(563): iArrayCount = 2
2019/07/22 10:00:02.755 DEBUG GetToken(566): iTokenCount = 1
2019/07/22 10:00:02.757 DEBUG GetToken(280): iWord =  
2019/07/22 10:00:02.759 INFO  JudgeString(135): JudgeStringÂëº„Å≥Âá∫„Åó
2019/07/22 10:00:02.761 DEBUG JudgeString(136): iWord =  
2019/07/22 10:00:02.764 INFO  JudgeArithmetic(86): JudgeArithmeticÂëº„Å≥Âá∫„Åó
2019/07/22 10:00:02.765 DEBUG JudgeArithmetic(87): iWord =  
2019/07/22 10:00:02.767 INFO  JudgeAssign(115): JudgeAssignÂëº„Å≥Âá∫„Åó
2019/07/22 10:00:02.768 DEBUG JudgeAssign(116): iWord =  
2019/07/22 10:00:02.771 INFO  JudgeOpenParen(155): JudgeOpenParenÂëº„Å≥Âá∫„Åó
2019/07/22 10:00:02.773 DEBUG JudgeOpenParen(156): iWord =  
2019/07/22 10:00:02.775 INFO  JudgeCloseParen(175): JudgeCloseParenÂëº„Å≥Âá∫„Åó
2019/07/22 10:00:02.777 DEBUG JudgeCloseParen(177): iWord =  
2019/07/22 10:00:02.779 INFO  JudgeLineFeed(714): JudgeLineFeedÂëº„Å≥Âá∫„Åó
2019/07/22 10:00:02.782 DEBUG JudgeLineFeed(715): iWord =  
2019/07/22 10:00:02.784 INFO  JudgeBlank(734): JudgeBlankÂëº„Å≥Âá∫„Åó
2019/07/22 10:00:02.786 DEBUG JudgeBlank(735): iWord =  
2019/07/22 10:00:02.788 DEBUG GetToken(642): iWord =  
2019/07/22 10:00:02.790 DEBUG GetToken(280): iWord = "
2019/07/22 10:00:02.792 INFO  JudgeString(135): JudgeStringÂëº„Å≥Âá∫„Åó
2019/07/22 10:00:02.794 DEBUG JudgeString(136): iWord = "
2019/07/22 10:00:02.796 DEBUG GetToken(286): iWord = a
2019/07/22 10:00:02.798 DEBUG GetToken(289): iTokenCount = 2
2019/07/22 10:00:02.801 INFO  JudgeString(135): JudgeStringÂëº„Å≥Âá∫„Åó
2019/07/22 10:00:02.803 DEBUG JudgeString(136): iWord = a
2019/07/22 10:00:02.805 DEBUG GetToken(338): iWord = a
2019/07/22 10:00:02.807 DEBUG GetToken(341): iTokenCount = 3
2019/07/22 10:00:02.807 INFO  JudgeString(135): JudgeStringÂëº„Å≥Âá∫„Åó
2019/07/22 10:00:02.811 DEBUG JudgeString(136): iWord = a
2019/07/22 10:00:02.814 DEBUG GetToken(338): iWord = a
2019/07/22 10:00:02.816 DEBUG GetToken(341): iTokenCount = 4
2019/07/22 10:00:02.818 INFO  JudgeString(135): JudgeStringÂëº„Å≥Âá∫„Åó
2019/07/22 10:00:02.819 DEBUG JudgeString(136): iWord = a
2019/07/22 10:00:02.820 DEBUG GetToken(338): iWord = a
2019/07/22 10:00:02.823 DEBUG GetToken(341): iTokenCount = 5
2019/07/22 10:00:02.825 INFO  JudgeString(135): JudgeStringÂëº„Å≥Âá∫„Åó
2019/07/22 10:00:02.827 DEBUG JudgeString(136): iWord = a
2019/07/22 10:00:02.829 DEBUG GetToken(338): iWord = "
2019/07/22 10:00:02.832 DEBUG GetToken(341): iTokenCount = 6
2019/07/22 10:00:02.834 INFO  JudgeString(135): JudgeStringÂëº„Å≥Âá∫„Åó
2019/07/22 10:00:02.835 DEBUG JudgeString(136): iWord = "
2019/07/22 10:00:02.838 DEBUG GetToken(298): iWord = ;
2019/07/22 10:00:02.839 DEBUG GetToken(302): iTokenCount = 7
2019/07/22 10:00:02.842 INFO  MakeToken(302): MakeTokenÂëº„Å≥Âá∫„Åó
2019/07/22 10:00:02.844 DEBUG MakeToken(314): psMakeToken[0] = "
2019/07/22 10:00:02.846 DEBUG MakeToken(317): iArrayCount = 1
2019/07/22 10:00:02.849 DEBUG MakeToken(320): iTokenCount = 6
2019/07/22 10:00:02.851 DEBUG MakeToken(314): psMakeToken[1] = a
